Precision: 1000000 
PI: 3.14159265 
Calculated: 3.14159265 
Difference: -8.615331e-14 
Time(ms): 3.545969 
