Precision: 1000000 
PI: 3.14159265 
Calculated: 3.14159265 
Difference: -8.437695e-14 
Time(ms): 7.844584 
